5778206
7513244
4142285
146828158
4091457
6578904
142711849
6310831
3116989
10630077
5444783
301859337
125847750
12629581
5061855
4738993
3117347
141923278
5149682
3892114
4854906
132258358
4674529
463601171
3270835
27688060
132888854
13266966
7630137
3526873
146717884
3161160
486193703
125031539
3893993
4094618
5663246
9081342
135099091
39432870
4179609
46972639
3801546
4963690
5726872
6158011
4417294
4115245
12594094
7221463
9162030
5695030
25511027
8778595
4793731
4636966
3955268
11456764
9170181
4824830
4429547
10926535
3549733
16720874
5192948
6629976
22614088
10498419
3925341
8637076
10242200
10843227
4853916
25369085
11245337
5224147
33971699
10253425
5796381
3603918
4067726
4078253
8248950
7263993
4465043
292765442
5760387
3517608
6023301
10837040
15153061
5489099
3817723
14684690
10605567
7379068
7936445
5913202
10706752
3156807
3346339
5748660
3687264
4760872
8007224
7782339
4364920
5984584
6121387
5430340
3226441
11195615
9737240
6035471
5587230
5459300
7999789
6137343
5698611
3670546
4854952
3461736
3688704
6112553
70826707
15338481
15397329
8401128
17285881
15422419
5339370
5922981
38384744
14172969
4612424
7599728
3962860
3659958
4876304
418241681
25891434
8312684
4707260
30843436
5199562
3110241
5385516
4004725
12239885
15829244
5938688
17790330
9783428
5463787
13890795
7935680
6816123
5342525
8271362
5244656
19580944
4488149
4312611
3797840
35424995
25934932
5800546
7711931
19083024
8675286
4710904
3308082
7589781
8524416
45022892
18164159
6115526
5606330
5883822
13150402
11507280
5381602
7582094
28339147
5719561
3272006
17419139
8494877
6704747
4735914
4465878
10892991
3994085
5351990
4436759
3589744
4304259
6679434
3851743
7069384
7869974
3797876
13207117
5072057
10339635
3773620
5778973
7329500
5072515
5241855
6723685
4295355
6364351
5637060
9948290
7539762
4945410
9294182
4671168
4153560
8229570
8727635
5941062
17717260
6647787
4130416
10471233
10589145
4130544
7582361
5765834
4552954
5629843
13654640
6063659
5264000
6920754
7754074
54680194
23061458
3451597
7530679
4593652
10398390
11060225
10126005
5151049
8580710
5507951
3237001
25497476
15278646
10546516
6160020
41359375
6629490
3130504
16955332
6459620
5040202
11742599
13182401
4949559
8270609
13957974
9896951
3976805
4423232
7518569
5644404
8258008
5641398
10173602
7787485
5545336
15324970
7724881
4688666
3341466
4561817
9084494
7861294
8317046
3445793
5078492
7110916
6885770
6468212
3738176
419189406
6180397
75046314
62220069
11729024
35152467
7349949
23873685
5251201
18709044
13652030
5571699
3994111
68981436
15461238
3849533
4088943
20629498
8098372
8376578
21264149
16875025
18707488
9820456
11133156
3966086
10713863
34891698
4841861
5305810
4279689
29707832
7588391
8877283
18697181
9388071
393554380
14901804
33128716
6472145
2906939
11596096
15507192
3837604
5790067
25178871
4593275
5918704
10833562
20466557
3553072
3182664
4978351
5979865
381704163
5891002
10261610
21639150
4925541
3253659
6498095
27538511
8853964
4147000
6786739
5061117
4073596
2953850
3913680
7950494
3796564
11206100
13228804
4207054
4229081
5236483
5662977
12057614
5142917
6262511
3425853
3810776
6689773
15141259
4410872
25674643
12813441
4684249
49766242
9001468
27425740
4745748
3921318
29052848
5855392
4528160
5198939
8731192
4294184
6778860
5034651
6117385
12655247
7671410
5476985
5306906
5594531
3990081
5390157
7165593
6209007
4014612
11668563
19393612
9266167
7983767
4066984
5713135
4166409
6561710
2834376
4891997
5229816
10059706
3501872
11933654
15216227
21359688
3712383
5956981
31647886
3472747
3474235
4752811
4758839
6499670
12092234
4183202
6684999
5964608
13934120
3263484
4540821
2787764
20512941
6987989
4341518
4463107
15095712
3615082
13585493
3455270
3218707
10393367
5850523
3209323
4715827
5261485
5835909
3649817
6735855
18147878
4258511
5930149
8288249
19801405
6457577
285481340
25029291
5941922
7005632
3602288
10617135
4745224
3408371
4896258
31774797
4121793
6068486
36378137
24229065
7191254
3950631
5172962
4052356
3612035
7437594
16835776
4374122
14582494
6232558
3522743
8277094
6308880
6482038
31649302
5869859
3835755
30203687
11054357
3408215
3013411
15070649
4187770
3156730
3785175
4679763
18021547
5864862
7905650
5418828
4580867
15704553
9893555
5790445
3969047
6021384
5986925
7890295
8737953
28043129
7204890
5175507
7651187
71261149
7493093
5037333
12757504
11191445
8237737
4946718
7350862
5591515
16425970
6166070
5666493
4595689
6537833
11034268
4887536
3571516
4624690
11656940
4803629
8152050
6091116
35816965
4214141
4818620
3889100
2999996
6692266
17956915
7447008
5979929
3360061
3536881
4613600
6337318
4070499
3357517
5532240
11281081
38848290
3965511
9693889
4763209
5023872
3214978
8594438
17262834
30175859
5435256
4094412
13771791
10232672
6147560
4733743
6384508
6262800
4447650
4409923
5864745
9296070
3971271
3863279
4167583
3206125
5589860
11222068
5029996
4710877
3476101
10701303
3990325
12633854
4908982
5325785
5251763
6036683
13531078
3708800
4593938
4341703
5508905
5019358
7029792
5741469
9705994
4699439
481669614
16208216
2981020
3567923
6905679
16700199
6424788
4337499
3661294
5781045
7235133
4257305
4191812
5120785
6009608
3790078
27570856
6416700
4012568
5307558
15418139
3771886
3896411
7838153
8083160
14169392
5413293
4797063
11382923
3021563
2957308
8003533
9056420
3999379
4686722
18603736
4955971
6807343
160391373
7443836
8739334
4459491
307554629
161366833
4490432
3772178
10006541
37271969
85626249
4679501
3260338
140425448
3690623
5949784
13243590
126412354
6614878
14799641
4511490
132231611
12211532
13294011
135437461
123212300
8985262
8141274
4726604
3633023
133742752
5044310
4847526
3617115
4222888
3935137
127643666
5606808
3921802
21433719
136563545
12141364
7396994
3180918
128662032
5969282
5876390
5253620
8959440
343587427
87124968
7891516
3772119
4263068
3827505
4178567
139511882
3761762
5620315
5476980
131817799
5887930
13956986
6663557
4162158
125126690
2971498
11858961
4730918
9897659
251653855
4530115
22197264
146368333
6040275
3850089
4262572
6405231
4316945
15722595
3931830
3708685
3761155
7429356
11201108
5510894
10686338
9504856
5070578
11436353
3246601
4364981
5387332
7890311
4905602
10053420
3131320
3917248
4428542
9542805
22838048
4280292
4457245
6952673
10424040
8439272
3333567
3578000
8242205
6466818
7518368
5448998
10728856
11153542
9914362
4669295
3298823
4185993
6528623
8719961
9094828
5818161
3506463
3573165
9950678
3157624
3711228
4088947
3446759
7267900
12348416
4419423
5689487
4848843
4539281
8855095
31987165
6491290
8301618
8104459
5154639
5748646
3109660
3129681
3448966
5197566
3585821
3228397
4455401
3198623
4287173
22144834
8784141
4835766
3979819
23657784
6028185
4474913
3691535
7592732
5993431
3874650
5861630
3412114
4032353
6956499
4106042
7225848
4640080
5356086
14373709
5837069
20732772
14071364
5016286
20580275
3382568
9538378
24809875
3654767
4956522
4797713
12587766
7732576
8118368
5127684
6445964
4058824
7427850
6424401
3205218
3438836
21844354
10234269
5047431
9761533
8473506
8857404
11563144
8867955
23338552
15732605
4546784
9375154
23303358
3412766
8820301
5725351
13009196
8335701
5887178
10623522
331150129
6295934
3519395
4829451
3347522
12990816
9172971
5707056
4352564
7328232
14267306
5659824
4870302
5308149
8692893
6277563
7886340
4331310
3881218
5358791
9152179
13864073
8596191
3871996
8674241
6235763
7159689
5026021
4431423
3067664
7128079
6841305
11639309
4364669
4866620
7318712
3990416
8556099
3416095
4126801
4213668
4951606
17322488
3641253
7093844
3544957
5348788
8411408
7499454
3541800
3206587
5546177
6878100
23995618
3140935
2829258
4740769
9722557
9770694
4506323
7838397
5497170
7290538
3332898
4988630
6653798
4563270
4220834
6788950
6216606
6356043
9850737
7870860
9229661
7610937
4171822
6903127
4301996
3291519
10019518
6308274
4189248
5283388
6595851
4965584
12372131
3286522
10308984
7936355
3091389
3303397
8511293
7003760
5636448
5591501
10272012
14733548
4669484
4359715
4597031
39833369
7475006
13842751
4511855
4073276
8130510
10760812
5046396
4912281
12307876
4893845
15933018
7437737
4689194
7886341
6390848
5572131
4401023
3761172
10644331
4724864
9639775
323047150
6926295
299780234
5031082
7188714
5295999
450434405
13142747
19708348
4625040
4642024
3758316
42096928
4259592
6865411
6610177
6945015
3240488
3504936
25007545
4651901
4641726
5621434
3391843
10581273
18602494
4998874
4745073
5356804
