142493825
2674213
2898824
8701855
2947577
2712296
6349638
5299413
4587772
3572883
23803317
3102995
3531320
4429067
12007964
3973750
2578496
8865080
4765858
3784926
4540910
2953902
3821264
11571061
2969173
3050335
2955599
4503225
4537338
8398261
3917068
3423115
2710741
3708234
25403453
3407200
10809252
3779006
8156249
6557689
3461051
6754360
10623788
3397957
4001052
2870364
7883634
9436798
3604628
3507428
4529074
31209392
5452470
3429418
3338528
3567842
4130576
4592553
6200992
4921116
5281764
5610500
7613498
7014280
4831555
12632277
3187708
2979254
3030133
3533667
5910063
4022893
6183285
12516760
5560073
8831367
3865821
15470984
3986287
8978869
3081076
4240213
2761097
2985260
4464863
4434043
3675573
5470076
8882822
3708573
2724898
4892270
2879193
7412360
4048625
4182494
3232507
6606088
3529491
5151700
3564628
44946346
3003128
4700008
2833204
2723802
4509025
3443810
4896606
15858005
5115184
12134485
3178213
3842059
3792662
6929382
4653873
17121865
3781019
5976299
14575299
5475865
3794771
4723849
4487452
5176239
15544603
3243133
3265895
4636355
46536522
3400965
4681743
4325068
9126020
3356450
3846457
3323990
4037801
3947174
5587476
10530340
2838709
5718414
8794859
3086889
6626717
56175204
5966526
3849393
4956176
7677690
4915038
4471966
9211705
4691068
4474514
3627510
13153519
6526610
3572198
4973189
4373466
49345486
4370813
4685732
5183733
9324573
6489047
294207078
3282843
3245232
12201243
4655230
5157093
3164628
7048629
5701192
3301947
3469354
3109987
5704457
3937837
3836269
14688019
3808028
6916054
6453804
50220853
7296835
5946717
11301295
3461257
4444032
22338519
3477830
3606552
5970654
4787788
3897787
7694843
13295915
4263294
6954501
2986637
4055022
5017478
7484437
5427737
4209897
4668743
9693602
4306688
5102758
4748886
3390138
4931741
6185277
4091323
3485531
2943415
14001234
3583856
3659329
19459226
3597375
8507124
6667078
13982012
9886321
3186102
5065492
2944692
3551206
7854947
9221145
4013524
7210945
3170992
4807478
2858478
4001586
4791710
4411730
4219402
4155586
4750157
14955921
10568799
6459008
14439318
9063589
6389587
4493520
4680941
17546792
2791060
2708104
6587743
11640913
3570451
8338775
2755270
4374073
3391432
4132191
5152143
7655410
4024243
6668444
8358700
4492997
11289135
3692259
5467435
5827326
4216640
5870132
7406381
16450825
7688973
6511677
7396370
3776189
3317785
3293048
4794176
10603004
4216791
6810403
3764054
6525504
2928613
4416735
4090949
5025901
6539680
4900807
4435341
4402941
3646178
4503290
13635547
6523053
4412964
3348114
3384919
6202716
3487991
3320704
17089600
3903858
6592509
4939985
9921593
5741670
5283946
14369828
4868434
4316362
6883160
4687118
7810595
3943234
3414756
21553681
4838489
5103342
3646595
4924091
6590476
14431372
5178037
13951610
17858949
16791407
9666015
3505359
9857762
22825573
11272830
46020508
5015810
17280542
7225078
4529453
9141619
4126908
10621205
8801751
3392241
8495740
4565495
6313338
3103542
16312607
6759258
34535012
4707883
8849492
16537532
6948394
516514200
3870189
6367931
15788354
7200603
6133450
6224573
8329510
3389365
7842233
6100486
6230587
4488561
8422624
5650186
3554374
6517966
4565819
5567545
6941759
5774108
3541550
13726170
10981436
4975715
12897140
10221240
12307679
7070296
5870100
12145416
5272382
4443305
4086400
5359132
6211310
6500044
3746138
4722813
6428629
7611146
6521084
6928968
3508482
2973406
22424868
3852486
9859779
2874525
4966681
5258935
3802888
5877492
6469652
28083679
5900403
31074123
31814586
6601118
11401299
9429406
10811237
16176577
6609898
7316423
4931293
8751877
7994573
8272077
2649777
5141766
131664729
4041739
74435074
10088279
3884520
3127620
4079765
131281867
7723660
4896280
8337258
8302303
108485967
3384878
3217476
62198954
9288249
7223081
5090516
6541438
10711562
6080572
5261165
103258518
4791865
6525891
6121201
147527497
4347296
9738333
9753904
3636820
5954417
136974845
9233230
5090080
7927324
6101673
4830736
30557838
5698792
18393531
10664489
5124823
2571222
7402872
8054513
4016131
6848734
13576726
6849456
8777483
14180902
11616570
3526828
2957142
9794328
46447623
3361796
7868502
12129741
8339442
4264268
15435014
3539223
3743240
2797366
24360509
5791932
11500666
6351119
6063531
5265746
9565897
3037180
6200135
8388640
6129422
3365159
4049855
5591294
7616047
22910595
2867746
4611303
23175849
6026183
4347001
4152829
14654610
6585533
3220009
2748670
11583078
3048390
4010381
14848493
10612997
13197651
3674647
34082741
3025549
8235885
2518922
3108062
4363514
9791277
6328595
4990383
3455793
10345206
4497487
5341823
15690626
3984412
3975063
25409507
3618694
8033046
7046426
3198781
15366118
5755868
7831072
9511154
2741107
4966318
4714145
11620036
9623060
4668704
2809067
4157908
17801497
23992033
4280368
3904756
8953432
18374682
7664831
8766056
18149679
4075184
22150337
5215362
12794564
6216405
10253011
4441080
4231247
18235459
11696282
4467742
4657958
14978936
3547172
6487733
8185307
3551343
3880424
7655877
3096550
18950261
11601847
6767357
6550931
5429772
9413942
3547590
9108975
5240230
9478759
5458609
6458036
8313699
9240511
8100290
8693757
3578669
13093329
6156850
6424831
3077854
8323250
3930168
10082539
15643210
4403284
3571087
4382331
4516726
6012076
9762871
5161465
6809619
6757287
6830472
5464025
11304009
4160631
8157766
7667314
7869832
11453580
3969005
4614952
2521694
4159032
6113897
9015015
10917241
4926712
6433449
45933590
7874486
2835646
8740686
4529845
3365759
3180581
6287914
4118240
4068669
5930427
5776997
5066113
3730526
8183408
7936626
4718972
5835559
20018864
3380973
4400180
11516325
5500286
14231730
3581468
19078525
4780144
9081871
4214031
6101039
4790967
7266951
18603835
11323050
3061214
6435974
18221812
38016093
4358975
7445783
14034214
5031501
7049859
4862889
8179013
4917589
8672030
17316958
4542782
10492354
3248600
5252836
4089299
12191990
6416885
19633373
3923458
6316424
4327030
6009691
3114978
2826392
4694904
11138618
4284489
5610719
4570775
23306207
7101644
6220404
11272185
6883896
7435108
6059298
292218062
2809178
8340019
3907622
6362376
7654752
4610806
14000018
10863343
10268279
6821962
13493352
35755066
21954696
4417346
8870908
20823265
4927322
14768321
10681233
7320288
25359452
4767535
17738953
17302300
4451270
8688275
4537350
6701384
4537576
4540624
14608874
4749838
9321259
12175717
2623482
4223791
20728333
5215566
14828925
5048787
3255359
349495008
4539769
9240881
6320733
3346736
41556110
9048489
8297699
9793479
7016240
9994310
3376009
8068678
4391338
8619727
13795511
4052657
7428261
46017047
5800772
5908079
11021153
19242164
17690047
13351184
8466727
10084479
6328705
15532966
14391279
16377549
11690753
25172330
9488060
6568788
5952234
7474289
9154121
3593815
3641507
8472700
39379044
4108908
3792242
8170448
4323605
3060478
4464344
11395451
29227586
7742364
10159479
24203559
9847529
4846269
20783962
3780041
8222631
8951872
4346905
9395364
5705937
22216718
3752187
8302330
3182291
4317835
13907895
12334957
2909571
2970968
6493998
4507325
11210915
5140826
18069660
5469269
9258499
2792514
3536899
10723013
6868111
6771319
6946976
5177638
6988265
11787878
3601468
16556637
12336688
13830687
8008748
7642988
10527558
6780151
6554242
7850751
3555020
10629544
3220143
21038507
10021064
14256827
10957302
3529968
8783086
4053786
4418241
4734399
3223881
2842545
10479793
18256764
4293897
6130855
13549957
6191048
21158111
45044156
5113729
3569315
8689019
4417692
38832590
3720829
5830175
6790716
4846752
6059109
9080907
3070511
3946318
13585060
6160892
5159323
6501658
4088385
4971185
3921116
6502669
48562726
5186225
4396850
5637956
7042545
5361909
17629139
5730345
5533653
4788735
132988064
11443288
5313970
130402066
6018979
5327389
4730406
6695052
5935926
15752596
3786860
5298398
4655092
4977195
315600300
130466638
5501568
29202333
115961624
4845484
4775002
4642953
3931998
12450667
4773221
6755976
12913012
4083017
2963318
4324493
3068225
3397991
3227949
5744871
3577810
3162242
8304433
10135901
4175350
5469536
14844638
4134712
5024047
7367768
11158915
5096289
6637536
5271818
3623305
32693891
3826716
13178913
3391984
6866449
4847101
11838253
4564421
3039277
9126275
2746091
3280304
3946837
4805247
3308673
3403174
2876118
7491856
3513173
3151599
5804222
4165929
7561721
4838674
4590028
3316331
2835097
10058411
11632099
2986545
4244420
3836950
5933995
3614629
7819412
27549861
7569584
4732448
6522480
