1 	12114.0
2 	268169.0
3 	615720.0
4 	974678.0
5 	845757.0
6 	1084154.0
7 	1533097.0
8 	1436263.0
9 	1993720.0
10 	1754454.0
11 	74344457.0
12 	1993528.0
13 	2175978.0
14 	1851377.0
15 	2173082.0
16 	2144183.0
17 	2668456.0
18 	2894339.0
19 	3108900.0
20 	3267316.0
21 	6755592.0
22 	3414015.0
23 	4878603.0
24 	3583845.0
25 	4523057.0
26 	3470328.0
27 	31698381.0
28 	7060728.0
29 	4355897.0
30 	4980990.0
31 	8007267.0
32 	7409767.0
33 	5302902.0
34 	6035976.0
35 	6721250.0
36 	5957328.0
37 	7582019.0
38 	13860738.0
39 	6665843.0
40 	7254659.0
41 	12905529.0
42 	6212984.0
43 	8852565.0
44 	11113251.0
45 	8147059.0
46 	17432504.0
47 	8302031.0
48 	7513144.0
49 	7587522.0
50 	14513872.0
